0.0 0.5903822268585679 0.0
1.0 0.5899163022936841 1.2349939435564354e-3
2.0 0.5887534681382308 2.614022221914186e-3
3.0 0.5876805591746589 2.246322132582618e-3
4.0 0.5865755940675149 2.8193247533926514e-3
5.0 0.5861575559338359 2.8732848954968796e-3
6.0 0.5847270724096509 3.2050081215043665e-3
7.0 0.584164317760185 3.390362345991356e-3
8.0 0.5818327289130967 4.375561465857694e-3
9.0 0.5819795207280402 5.312951321728657e-3
10.0 0.5800906953777425 3.5878730528364467e-3
20.0 0.582406573624598 5.7694390914561616e-3
30.0 0.5807208702204378 7.160197438623213e-3
40.0 0.5818326983849292 5.83362187459366e-3
50.0 0.5826843899743201 7.561517954042402e-3
60.0 0.5815369111814503 6.91170877701075e-3
70.0 0.5763542711464543 6.840813532785631e-3
80.0 0.571675965270074 5.9881241310643304e-3
90.0 0.5653418463411608 6.520644337319937e-3
100.0 0.5564672047107664 7.464595140970165e-3
200.0 0.509909579770971 6.2548698503023204e-3
300.0 0.4729549578985293 1.1536328676048173e-2
400.0 0.4392314373151004 9.352337852481239e-3
500.0 0.4069249303767644 8.424600855771848e-3
600.0 0.368319515432525 9.049491346180952e-3
700.0 0.35169485816417795 1.245043480039846e-2
800.0 0.3400499718068718 1.187366107619948e-2
900.0 0.3270111413508843 8.964170974191263e-3
1000.0 0.3181112635960276 6.551590121853465e-3
2000.0 0.26721505706076065 1.282627440752188e-2
3000.0 0.22710182482170746 1.0586166991427027e-2
4000.0 0.20051493080973856 1.097874027924329e-2
5000.0 0.17180079079519175 1.12913259204096e-2
6000.0 0.15652932969478905 8.576870087169728e-3
7000.0 0.14662334958509798 1.01308886183905e-2
8000.0 0.14136035053030976 1.170993762368536e-2
9000.0 0.1299640970353793 1.2747884617149213e-2
10000.0 0.11839200678568465 8.881904695839915e-3
11000.0 0.1042453707678473 1.0467106675016215e-2
12000.0 9.597823033165821e-2 1.3891204281182762e-2
13000.0 8.819176525122807e-2 8.661235466933268e-3
14000.0 8.390145129786446e-2 1.2216232757469431e-2
15000.0 7.3571673032172e-2 1.712311485535869e-2
16000.0 7.35146964753149e-2 7.872613286113639e-3
17000.0 6.790939030434831e-2 1.0207389961518664e-2
18000.0 6.120912801181886e-2 1.0712082808401994e-2
19000.0 5.9532448178651595e-2 1.3295950722406127e-2
20000.0 6.212457850946633e-2 9.586414716510235e-3
