0.0 0.5903822268585679 0.0
1.0e-3 0.5912624208025286 1.4430908426885717e-3
2.0e-3 0.5910338528369972 1.5258717831319354e-3
3.0e-3 0.5896645173142429 2.30035071921997e-3
4.0e-3 0.5885532757960112 2.3184599637816558e-3
5.0e-3 0.586801171661832 2.8356872248474344e-3
6.0e-3 0.5837158780577463 3.8684100713902644e-3
7.0e-3 0.5835058530152388 4.890520360458506e-3
8.0e-3 0.5807889392056451 3.7608033039550955e-3
9.0e-3 0.5811018609025592 2.795664249011942e-3
1.0e-2 0.5806198876116296 2.1321579075454706e-3
2.0e-2 0.5657905002427981 5.289638788669708e-3
3.0e-2 0.5554072633232133 5.0418643012712485e-3
4.0e-2 0.5400200555630212 6.623597523842491e-3
5.0e-2 0.5225725682966516 1.2926048186817345e-2
6.0e-2 0.5034373457512176 8.239255170858148e-3
7.0e-2 0.4781198771888742 1.1826131857438806e-2
8.0e-2 0.4604438005693655 1.7985247574926012e-2
9.0e-2 0.43377917026791196 8.647294144548007e-3
0.1 0.411516079412703 7.470010149670275e-3
0.1 0.411516079412703 7.470010149670275e-3
0.2 0.23949758605859373 1.0962093320454787e-2
0.3 0.13829133590840886 1.3425054169654485e-2
0.4 6.852542516038758e-2 6.505421815503676e-3
0.5 4.5992315501866124e-2 1.1971211059991105e-2
0.6 3.379644765749853e-2 9.485308608552317e-3
0.7 2.351980840572911e-2 6.293952189118152e-3
0.8 1.953766859889299e-2 7.225262863741531e-3
0.9 2.2331047929928582e-2 7.361855421884289e-3
1.0 1.696111861344187e-2 9.296236068349619e-3
