0.0 0.4915531071300362 0.0
1.0 0.4907698405170279 1.1882402937918631e-3
2.0 0.49168418034866057 1.8719913276901555e-3
3.0 0.4921803734004914 2.538775804147008e-3
4.0 0.4923471225115789 4.023040020568343e-3
5.0 0.4920603174854284 2.539058010864239e-3
6.0 0.4936056684758959 2.399805967692497e-3
7.0 0.4941778615531339 1.5276759811115237e-3
8.0 0.4957764582820463 4.6635478273887926e-3
9.0 0.49734272266789076 3.795112148218566e-3
10.0 0.5008690856966351 4.811061969170224e-3
20.0 0.5097768407752614 6.394738657754922e-3
30.0 0.5177739724926195 7.303513679338608e-3
40.0 0.5193474632839972 7.845274833907696e-3
50.0 0.5109625451458684 7.736984597082938e-3
60.0 0.502930703611775 8.040797829234511e-3
70.0 0.4938247518485703 8.958978644057244e-3
80.0 0.48992949743320924 6.52415025989997e-3
90.0 0.4773856690347008 4.79543406579495e-3
100.0 0.46772536808219883 8.416253047634483e-3
200.0 0.4076424966719297 5.708324179354265e-3
300.0 0.3520965316249456 4.0728907117400775e-3
400.0 0.30993833536966764 1.5034431161159267e-2
500.0 0.2702473087588797 1.1917533929879024e-2
600.0 0.2405370681750084 8.996288377025426e-3
700.0 0.2236352778217734 1.0262323886940325e-2
800.0 0.21429920100928196 1.1650488543072091e-2
900.0 0.187199907051009 9.619935817221174e-3
1000.0 0.1809294058104098 1.0097539180883209e-2
2000.0 0.13445929422230118 9.987034461091957e-3
3000.0 0.10338227841470767 8.119742680960499e-3
4000.0 8.133809507291734e-2 8.450664001391484e-3
5000.0 6.0908871634272464e-2 1.7298780300312237e-2
6000.0 5.507468080088841e-2 8.311051281298812e-3
7000.0 6.029769024862454e-2 1.211767656417073e-2
8000.0 5.99352968806169e-2 8.255994913879064e-3
9000.0 5.014583122760317e-2 9.164875434912885e-3
10000.0 5.04957168856998e-2 1.0377565507331526e-2
11000.0 4.428635709773142e-2 9.317984332369933e-3
12000.0 4.676740434405765e-2 1.1006316304676772e-2
13000.0 4.577983159294732e-2 8.956483312472723e-3
14000.0 4.2080233698511806e-2 6.850781549410093e-3
15000.0 3.7959451721741054e-2 1.2761361228138887e-2
16000.0 3.644075597758837e-2 1.1067151383297948e-2
17000.0 3.3123479408689274e-2 1.412946834143829e-2
18000.0 4.022703070462004e-2 1.3147009174899405e-2
19000.0 3.266358722256864e-2 1.0376271254462084e-2
20000.0 3.225499378400583e-2 1.3705506945577824e-2
