0.0 0.48681398744154825 0.0
1.0e-3 0.48399265133087094 1.1632254508518426e-3
2.0e-3 0.4807399084799667 1.8149624833759506e-3
3.0e-3 0.4808062727020236 1.861911452317193e-3
4.0e-3 0.4819082705251745 3.0457637224895005e-3
5.0e-3 0.48144777091749014 3.1341458523969495e-3
6.0e-3 0.4798076908005603 2.9555890063691966e-3
7.0e-3 0.4795608672092994 4.199616416914928e-3
8.0e-3 0.4778009527334478 2.4987880958740314e-3
9.0e-3 0.4776209963221733 3.3812543397359726e-3
1.0e-2 0.4780258817299184 3.0648532079915604e-3
2.0e-2 0.470287994102257 3.8705969389373806e-3
3.0e-2 0.4578852991200594 3.591495673918873e-3
4.0e-2 0.45265206866996055 7.500674162299246e-3
5.0e-2 0.44735653481925086 9.062839530029803e-3
6.0e-2 0.44334221501001664 1.0838195844903604e-2
7.0e-2 0.430781285271778 5.6040023049107645e-3
8.0e-2 0.4275959795118861 1.209656648582285e-2
9.0e-2 0.4080284160775142 6.163098813947623e-3
0.1 0.4008050189438615 9.912662947940734e-3
0.1 0.4008050189438615 9.912662947940734e-3
0.2 0.27700323438248386 1.1181461705759118e-2
0.3 0.16595338015524153 1.0561574066621247e-2
0.4 0.10570540742146979 1.2130794598050278e-2
0.5 6.338337269714045e-2 1.0013548381901296e-2
0.6 4.613516078507905e-2 8.706503494014937e-3
0.7 2.8691262468933998e-2 5.871924067286564e-3
0.8 1.8542423820765846e-2 6.983641383450045e-3
0.9 1.7646155676487273e-2 8.774106874900808e-3
1.0 1.9708991292713883e-2 7.719896583557388e-3
