0.0 0.6891551561977755 0.0
1.0e-3 0.6887973082214675 1.0526083435300774e-3
2.0e-3 0.6859070275396227 1.664837242094472e-3
3.0e-3 0.6851004850331517 1.6226485579472337e-3
4.0e-3 0.6827156415418457 1.7881793390922868e-3
5.0e-3 0.6805053758937113 2.2422529714162813e-3
6.0e-3 0.6726611776498764 3.7255304791247025e-3
7.0e-3 0.6748614055841513 1.0049718090118065e-2
8.0e-3 0.6661096430927107 6.944868649331945e-3
9.0e-3 0.6686890962510421 5.929574090033242e-3
1.0e-2 0.6663822535626822 7.697450789971637e-3
2.0e-2 0.6414251778725341 6.102292148409484e-3
3.0e-2 0.6271783967248403 9.466468985583778e-3
4.0e-2 0.624138636944667 9.015434332695724e-3
5.0e-2 0.6268332829580101 1.207442981520588e-2
6.0e-2 0.6201854841798773 1.314050151137928e-2
7.0e-2 0.6142851497457371 8.825792632031197e-3
8.0e-2 0.6220680645381658 1.2959472017770831e-2
9.0e-2 0.623070632784961 9.113087216055905e-3
0.1 0.5937378193306643 1.5131122670185763e-2
0.1 0.5937378193306643 1.5131122670185763e-2
0.2 0.44821724042071426 1.4321395784961487e-2
0.3 0.3041666630089103 1.6114380253194498e-2
0.4 0.1799394341234049 1.2020284832903102e-2
0.5 9.220562813430251e-2 1.6309614982424083e-2
0.6 4.923670306532192e-2 1.4982281089940487e-2
0.7 3.4286050686490224e-2 8.768974696291827e-3
0.8 2.480530307956551e-2 7.136855148905267e-3
0.9 2.4065306003612848e-2 8.462910196373019e-3
1.0 1.8811167950169974e-2 8.453399818621374e-3
