0.0 0.7130356546004306 0.0
1.0 0.7001894776946499 5.1940940983751065e-3
2.0 0.6967380924537023 5.225189220180099e-3
3.0 0.6944135675237726 7.1650212671198485e-3
4.0 0.6952480722349509 7.22585581967203e-3
5.0 0.6893542079901464 5.8297317123340965e-3
6.0 0.6960885927508448 8.462535228854673e-3
7.0 0.69088390832123 8.832937912209881e-3
8.0 0.6875311745037608 7.020444582841521e-3
9.0 0.6857831033423765 6.570035455374488e-3
10.0 0.6834473202136213 6.3007845760970965e-3
20.0 0.6794656871854096 1.0208506150822416e-2
30.0 0.6695757478833501 1.1252728575832517e-2
40.0 0.6678817759784514 7.623838935611997e-3
50.0 0.6827465565093698 1.315902342829369e-2
60.0 0.6753687175898483 1.4342713486898903e-2
70.0 0.6707328576494939 1.1621245805230874e-2
80.0 0.665303189225244 1.392487121911541e-2
90.0 0.6617480881955699 1.7546261264272216e-2
100.0 0.6584699682684343 2.0027275877857232e-2
200.0 0.5519172022128594 3.130960523066643e-2
300.0 0.5187396309803719 2.653159412179105e-2
400.0 0.4017690147017083 2.304138360652111e-2
500.0 0.33855649103545854 3.344750394070614e-2
600.0 0.28754210936332675 3.4230163144182243e-2
700.0 0.25106793511258385 3.107645605726065e-2
800.0 0.22781587551910829 3.348913650462375e-2
900.0 0.22752456562073858 2.583049932289865e-2
1000.0 0.18629000241408938 3.687286717459994e-2
2000.0 0.14810924413453094 3.601075914898298e-2
3000.0 0.11432413729682242 3.2057813529200556e-2
4000.0 0.11160452926686137 3.493686255337066e-2
5000.0 8.547336300305766e-2 2.45506663643106e-2
6000.0 7.425354848141306e-2 2.260923311842935e-2
7000.0 7.714739574824964e-2 3.507703866489407e-2
8000.0 5.235449232770482e-2 2.6898217205344802e-2
9000.0 7.186720546751048e-2 3.8040263066111205e-2
10000.0 5.424387520324782e-2 2.176638683210201e-2
11000.0 5.9704764851829094e-2 1.6844096655553982e-2
12000.0 4.2480039370148624e-2 2.474716147696283e-2
13000.0 5.110598363700171e-2 3.801541323609794e-2
14000.0 5.9724426280573596e-2 3.4812097796198156e-2
15000.0 4.534291239214214e-2 3.0522215262274246e-2
16000.0 4.0797968880258065e-2 2.3990255400458106e-2
17000.0 3.936115342900886e-2 1.739032884068663e-2
18000.0 4.2566999635292965e-2 1.5846934986050165e-2
19000.0 4.77540873318309e-2 1.4532283998910349e-2
20000.0 7.081317756160006e-2 3.131387892903417e-2
